SVD result: A = U * Sigma * V^T
Matrix size: 12 x 12
Columns of U: left singular vectors
Columns of V: right singular vectors

Singular values (descending order):
sigma_1 = 3.941883634852
sigma_2 = 3.770912051306
sigma_3 = 3.497021496342
sigma_4 = 3.136129493462
sigma_5 = 2.709209774085
sigma_6 = 2.241073360511
sigma_7 = 1.758926639489
sigma_8 = 1.290790225915
sigma_9 = 0.863870506538
sigma_10 = 0.502978503658
sigma_11 = 0.229087948694
sigma_12 = 0.058116365148

A:
 2.0000000000 -1.0000000000  0.0000000000  0.0000000000  0.0000000000  0.0000000000  0.0000000000  0.0000000000  0.0000000000  0.0000000000  0.0000000000  0.0000000000 
-1.0000000000  2.0000000000 -1.0000000000  0.0000000000  0.0000000000  0.0000000000  0.0000000000  0.0000000000  0.0000000000  0.0000000000  0.0000000000  0.0000000000 
 0.0000000000 -1.0000000000  2.0000000000 -1.0000000000  0.0000000000  0.0000000000  0.0000000000  0.0000000000  0.0000000000  0.0000000000  0.0000000000  0.0000000000 
 0.0000000000  0.0000000000 -1.0000000000  2.0000000000 -1.0000000000  0.0000000000  0.0000000000  0.0000000000  0.0000000000  0.0000000000  0.0000000000  0.0000000000 
 0.0000000000  0.0000000000  0.0000000000 -1.0000000000  2.0000000000 -1.0000000000  0.0000000000  0.0000000000  0.0000000000  0.0000000000  0.0000000000  0.0000000000 
 0.0000000000  0.0000000000  0.0000000000  0.0000000000 -1.0000000000  2.0000000000 -1.0000000000  0.0000000000  0.0000000000  0.0000000000  0.0000000000  0.0000000000 
 0.0000000000  0.0000000000  0.0000000000  0.0000000000  0.0000000000 -1.0000000000  2.0000000000 -1.0000000000  0.0000000000  0.0000000000  0.0000000000  0.0000000000 
 0.0000000000  0.0000000000  0.0000000000  0.0000000000  0.0000000000  0.0000000000 -1.0000000000  2.0000000000 -1.0000000000  0.0000000000  0.0000000000  0.0000000000 
 0.0000000000  0.0000000000  0.0000000000  0.0000000000  0.0000000000  0.0000000000  0.0000000000 -1.0000000000  2.0000000000 -1.0000000000  0.0000000000  0.0000000000 
 0.0000000000  0.0000000000  0.0000000000  0.0000000000  0.0000000000  0.0000000000  0.0000000000  0.0000000000 -1.0000000000  2.0000000000 -1.0000000000  0.0000000000 
 0.0000000000  0.0000000000  0.0000000000  0.0000000000  0.0000000000  0.0000000000  0.0000000000  0.0000000000  0.0000000000 -1.0000000000  2.0000000000 -1.0000000000 
 0.0000000000  0.0000000000  0.0000000000  0.0000000000  0.0000000000  0.0000000000  0.0000000000  0.0000000000  0.0000000000  0.0000000000 -1.0000000000  2.0000000000 

U:
-0.0938673263  0.1822794248 -0.2600981057  0.3228008301 -0.3667435436  0.3893724554  0.3893724554 -0.3667435436  0.3228008301  0.2600981057 -0.1822794248 -0.0938673263 
 0.1822794248 -0.3228008301  0.3893724554 -0.3667435436  0.2600981057 -0.0938673263  0.0938673263 -0.2600981057  0.3667435436  0.3893724554 -0.3228008301 -0.1822794248 
-0.2600981057  0.3893724554 -0.3228008301  0.0938673263  0.1822794248 -0.3667435436 -0.3667435436  0.1822794248  0.0938673263  0.3228008301 -0.3893724554 -0.2600981057 
 0.3228008301 -0.3667435436  0.0938673263  0.2600981057 -0.3893724554  0.1822794248 -0.1822794248  0.3893724554 -0.2600981057  0.0938673263 -0.3667435436 -0.3228008301 
-0.3667435436  0.2600981057  0.1822794248 -0.3893724554  0.0938673263  0.3228008301  0.3228008301  0.0938673263 -0.3893724554 -0.1822794248 -0.2600981057 -0.3667435436 
 0.3893724554 -0.0938673263 -0.3667435436  0.1822794248  0.3228008301 -0.2600981057  0.2600981057 -0.3228008301 -0.1822794248 -0.3667435436 -0.0938673263 -0.3893724554 
-0.3893724554 -0.0938673263  0.3667435436  0.1822794248 -0.3228008301 -0.2600981057 -0.2600981057 -0.3228008301  0.1822794248 -0.3667435436  0.0938673263 -0.3893724554 
 0.3667435436  0.2600981057 -0.1822794248 -0.3893724554 -0.0938673263  0.3228008301 -0.3228008301  0.0938673263  0.3893724554 -0.1822794248  0.2600981057 -0.3667435436 
-0.3228008301 -0.3667435436 -0.0938673263  0.2600981057  0.3893724554  0.1822794248  0.1822794248  0.3893724554  0.2600981057  0.0938673263  0.3667435436 -0.3228008301 
 0.2600981057  0.3893724554  0.3228008301  0.0938673263 -0.1822794248 -0.3667435436  0.3667435436  0.1822794248 -0.0938673263  0.3228008301  0.3893724554 -0.2600981057 
-0.1822794248 -0.3228008301 -0.3893724554 -0.3667435436 -0.2600981057 -0.0938673263 -0.0938673263 -0.2600981057 -0.3667435436  0.3893724554  0.3228008301 -0.1822794248 
 0.0938673263  0.1822794248  0.2600981057  0.3228008301  0.3667435436  0.3893724554 -0.3893724554 -0.3667435436 -0.3228008301  0.2600981057  0.1822794248 -0.0938673263 

Sigma:
 3.9418836349  0.0000000000  0.0000000000  0.0000000000  0.0000000000  0.0000000000  0.0000000000  0.0000000000  0.0000000000  0.0000000000  0.0000000000  0.0000000000 
 0.0000000000  3.7709120513  0.0000000000  0.0000000000  0.0000000000  0.0000000000  0.0000000000  0.0000000000  0.0000000000  0.0000000000  0.0000000000  0.0000000000 
 0.0000000000  0.0000000000  3.4970214963  0.0000000000  0.0000000000  0.0000000000  0.0000000000  0.0000000000  0.0000000000  0.0000000000  0.0000000000  0.0000000000 
 0.0000000000  0.0000000000  0.0000000000  3.1361294935  0.0000000000  0.0000000000  0.0000000000  0.0000000000  0.0000000000  0.0000000000  0.0000000000  0.0000000000 
 0.0000000000  0.0000000000  0.0000000000  0.0000000000  2.7092097741  0.0000000000  0.0000000000  0.0000000000  0.0000000000  0.0000000000  0.0000000000  0.0000000000 
 0.0000000000  0.0000000000  0.0000000000  0.0000000000  0.0000000000  2.2410733605  0.0000000000  0.0000000000  0.0000000000  0.0000000000  0.0000000000  0.0000000000 
 0.0000000000  0.0000000000  0.0000000000  0.0000000000  0.0000000000  0.0000000000  1.7589266395  0.0000000000  0.0000000000  0.0000000000  0.0000000000  0.0000000000 
 0.0000000000  0.0000000000  0.0000000000  0.0000000000  0.0000000000  0.0000000000  0.0000000000  1.2907902259  0.0000000000  0.0000000000  0.0000000000  0.0000000000 
 0.0000000000  0.0000000000  0.0000000000  0.0000000000  0.0000000000  0.0000000000  0.0000000000  0.0000000000  0.8638705065  0.0000000000  0.0000000000  0.0000000000 
 0.0000000000  0.0000000000  0.0000000000  0.0000000000  0.0000000000  0.0000000000  0.0000000000  0.0000000000  0.0000000000  0.5029785037  0.0000000000  0.0000000000 
 0.0000000000  0.0000000000  0.0000000000  0.0000000000  0.0000000000  0.0000000000  0.0000000000  0.0000000000  0.0000000000  0.0000000000  0.2290879487  0.0000000000 
 0.0000000000  0.0000000000  0.0000000000  0.0000000000  0.0000000000  0.0000000000  0.0000000000  0.0000000000  0.0000000000  0.0000000000  0.0000000000  0.0581163651 

V:
-0.0938673263  0.1822794248 -0.2600981057  0.3228008301 -0.3667435436  0.3893724554  0.3893724554 -0.3667435436  0.3228008301  0.2600981057 -0.1822794248 -0.0938673263 
 0.1822794248 -0.3228008301  0.3893724554 -0.3667435436  0.2600981057 -0.0938673263  0.0938673263 -0.2600981057  0.3667435436  0.3893724554 -0.3228008301 -0.1822794248 
-0.2600981057  0.3893724554 -0.3228008301  0.0938673263  0.1822794248 -0.3667435436 -0.3667435436  0.1822794248  0.0938673263  0.3228008301 -0.3893724554 -0.2600981057 
 0.3228008301 -0.3667435436  0.0938673263  0.2600981057 -0.3893724554  0.1822794248 -0.1822794248  0.3893724554 -0.2600981057  0.0938673263 -0.3667435436 -0.3228008301 
-0.3667435436  0.2600981057  0.1822794248 -0.3893724554  0.0938673263  0.3228008301  0.3228008301  0.0938673263 -0.3893724554 -0.1822794248 -0.2600981057 -0.3667435436 
 0.3893724554 -0.0938673263 -0.3667435436  0.1822794248  0.3228008301 -0.2600981057  0.2600981057 -0.3228008301 -0.1822794248 -0.3667435436 -0.0938673263 -0.3893724554 
-0.3893724554 -0.0938673263  0.3667435436  0.1822794248 -0.3228008301 -0.2600981057 -0.2600981057 -0.3228008301  0.1822794248 -0.3667435436  0.0938673263 -0.3893724554 
 0.3667435436  0.2600981057 -0.1822794248 -0.3893724554 -0.0938673263  0.3228008301 -0.3228008301  0.0938673263  0.3893724554 -0.1822794248  0.2600981057 -0.3667435436 
-0.3228008301 -0.3667435436 -0.0938673263  0.2600981057  0.3893724554  0.1822794248  0.1822794248  0.3893724554  0.2600981057  0.0938673263  0.3667435436 -0.3228008301 
 0.2600981057  0.3893724554  0.3228008301  0.0938673263 -0.1822794248 -0.3667435436  0.3667435436  0.1822794248 -0.0938673263  0.3228008301  0.3893724554 -0.2600981057 
-0.1822794248 -0.3228008301 -0.3893724554 -0.3667435436 -0.2600981057 -0.0938673263 -0.0938673263 -0.2600981057 -0.3667435436  0.3893724554  0.3228008301 -0.1822794248 
 0.0938673263  0.1822794248  0.2600981057  0.3228008301  0.3667435436  0.3893724554 -0.3893724554 -0.3667435436 -0.3228008301  0.2600981057  0.1822794248 -0.0938673263 
